node	degree
1	1
1553	1
1312	1
928	1
608	1
607	1
601	1
1116	1
1993	1
1559	1
1991	1
1844	1
1595	1
593	1
1003	1
590	1
588	1
643	1
582	1
1939	1
1575	1
1846	1
1867	1
653	1
652	1
649	1
1623	1
646	1
1715	1
909	1
642	1
640	1
1859	1
633	1
631	1
625	1
1700	1
624	1
622	1
618	1
1652	1
615	1
581	1
656	1
579	1
1917	1
538	1
535	1
534	1
531	1
1794	1
1602	1
1541	1
1373	1
539	1
1344	1
651	1
526	1
525	1
524	1
522	1
1418	1
1018	1
951	1
1167	1
933	1
1881	1
542	1
901	1
1985	1
573	1
591	1
1433	1
560	1
1869	1
1254	1
1965	1
554	1
1107	1
552	1
551	1
895	1
550	1
1690	1
549	1
546	1
543	1
1090	1
1429	1
1481	1
661	1
762	1
761	1
953	1
756	1
755	1
754	1
1298	1
1311	1
764	1
751	1
1188	1
1771	1
1087	1
1077	1
747	1
744	1
1464	1
994	1
1799	1
1932	1
767	1
976	1
1689	1
804	1
802	1
878	1
799	1
795	1
792	1
791	1
787	1
786	1
784	1
782	1
781	1
865	1
778	1
1936	1
775	1
771	1
1897	1
1382	1
1531	1
943	1
734	1
1008	1
1274	1
690	1
1426	1
682	1
678	1
677	1
1365	1
687	1
1261	1
2002	1
668	1
1503	1
1472	1
666	1
664	1
663	1
2005	1
2014	1
699	1
1434	1
1751	1
704	1
1004	1
732	1
1419	1
1256	1
1219	1
1070	1
727	1
725	1
1732	1
720	1
1233	1
719	1
1937	1
717	1
2004	1
715	1
1580	1
712	1
706	1
703	1
807	1
1041	1
517	1
1322	1
368	1
366	1
365	1
1267	1
572	1
1448	1
356	1
369	1
384	1
352	1
351	1
361	1
343	1
377	1
341	1
339	1
336	1
353	1
700	1
1149	1
1390	1
1468	1
395	1
828	1
1151	1
1388	1
390	1
1874	1
941	1
385	1
379	1
797	1
850	1
376	1
375	1
374	1
373	1
1934	1
1781	1
1638	1
335	1
1486	1
334	1
1349	1
1223	1
294	1
1286	1
293	1
292	1
1178	1
291	1
367	1
1665	1
1335	1
285	1
1354	1
282	1
709	1
280	1
277	1
276	1
1238	1
288	1
635	1
300	1
305	1
332	1
1730	1
1995	1
328	1
326	1
1241	1
324	1
323	1
322	1
321	1
320	1
527	1
317	1
316	1
314	1
313	1
1862	1
1320	1
307	1
333	1
1487	1
959	1
1981	1
495	1
493	1
491	1
1185	1
1108	1
811	1
489	1
1505	1
1132	1
626	1
1584	1
1009	1
1661	1
470	1
469	1
1123	1
468	1
695	1
481	1
497	1
1858	1
499	1
681	1
899	1
1864	1
1722	1
1706	1
1280	1
694	1
2010	1
1270	1
558	1
1957	1
507	1
506	1
1900	1
857	1
503	1
1427	1
502	1
500	1
915	1
1566	1
464	1
1243	1
428	1
426	1
423	1
421	1
1920	1
1222	1
1717	1
1532	1
1277	1
416	1
1696	1
413	1
412	1
409	1
408	1
406	1
405	1
1231	1
402	1
431	1
518	1
432	1
1197	1
1454	1
1402	1
1378	1
565	1
459	1
456	1
1368	1
1134	1
454	1
453	1
452	1
447	1
443	1
442	1
440	1
439	1
930	1
783	1
1484	1
433	1
274	1
809	1
1139	1
1350	1
1341	1
1340	1
1824	1
1336	1
1822	1
1416	1
1697	1
1351	1
1332	1
1615	1
1619	1
1328	1
1327	1
1326	1
1476	1
1456	1
1743	1
1331	1
1353	1
1860	1
1670	1
1444	1
1636	1
1539	1
1492	1
1408	1
1896	1
1395	1
1838	1
1757	1
1387	1
1455	1
1527	1
1372	1
1837	1
1371	1
1363	1
1361	1
1716	1
1358	1
1319	1
1404	1
1313	1
1482	1
1211	1
1210	1
1908	1
1207	1
1634	1
1642	1
1598	1
1551	1
1212	1
1538	1
1200	1
1945	1
1956	1
1193	1
1955	1
1310	1
1187	1
1903	1
1526	1
1214	1
1557	1
1229	1
1301	1
1300	1
1294	1
1314	1
1523	1
1272	1
1265	1
1260	1
1469	1
1257	1
1250	1
1248	1
1284	1
1578	1
1240	1
1425	1
1237	1
1236	1
1230	1
1970	1
1409	1
1851	1
1643	1
1733	1
1891	1
1707	1
1704	1
1842	1
1693	1
1688	1
1680	1
1734	1
1675	1
1664	1
1924	1
1658	1
1947	1
1790	1
1988	1
1719	1
1607	1
1731	1
1852	1
1746	1
1761	1
1971	1
1921	1
2003	1
1960	1
1935	1
1916	1
1968	1
1871	1
1850	1
1998	1
1832	1
1978	1
1791	1
1772	1
1980	1
1839	1
1840	1
1770	1
1803	1
1849	1
1938	1
1632	1
1725	1
1508	1
1736	1
1662	1
1836	1
1783	1
1485	1
1626	1
1509	1
1451	1
1779	1
1450	1
1445	1
1882	1
1811	1
1749	1
1723	1
1542	1
1436	1
1417	1
1513	1
1768	1
1515	1
1899	1
1594	1
1685	1
1588	1
1999	1
1579	1
1868	1
1576	1
1996	1
1656	1
1975	1
1563	1
1562	1
1561	1
1550	1
1709	1
1546	1
1544	1
1533	1
1529	1
1517	1
810	1
1183	1
1617	1
934	1
1091	1
991	1
1815	1
1296	1
1086	1
1078	1
1047	1
1137	1
1647	1
916	1
1106	1
911	1
910	1
907	1
1105	1
903	1
1875	1
957	1
1414	1
1413	1
940	1
1453	1
1140	1
964	1
1928	1
1202	1
1075	1
1969	1
961	1
960	1
1535	1
958	1
955	1
954	1
949	1
1880	1
1571	1
947	1
1475	1
1259	1
898	1
968	1
897	1
893	1
1252	1
1537	1
851	1
847	1
1774	1
844	1
1573	1
841	1
1581	1
1713	1
834	1
833	1
831	1
1687	1
825	1
824	1
1635	1
967	1
836	1
1002	1
858	1
861	1
888	1
887	1
886	1
885	1
884	1
883	1
882	1
1032	1
880	1
879	1
875	1
874	1
1281	1
1817	1
1682	1
1681	1
868	1
867	1
1943	1
1909	1
970	1
1153	1
972	1
1182	1
1124	1
1122	1
1253	1
1825	1
1307	1
1926	1
1111	1
1189	1
1491	1
1109	1
1101	1
1098	1
1442	1
1092	1
1136	1
1085	1
1536	1
1110	1
1285	1
1309	1
1398	1
1810	1
1172	1
1169	1
1168	1
1164	1
1976	1
1232	1
1823	1
1157	1
1155	1
1147	1
1144	1
1143	1
1142	1
1138	1
1129	1
1128	1
1127	1
1843	1
1672	1
1071	1
1458	1
1346	1
1437	1
1118	1
1093	1
1330	1
1010	1
1007	1
1005	1
1000	1
1302	1
1367	1
990	1
984	1
982	1
1209	1
981	1
978	1
977	1
1399	1
974	1
1644	1
1174	1
1845	1
1467	1
1067	1
1066	1
1065	1
1061	1
1597	1
1060	1
1863	1
1865	1
1052	1
1044	1
1396	1
1039	1
1036	1
1042	1
1030	1
1028	1
1026	1
1710	1
1586	1
1019	1
273	1
1308	1
609	1
83	1
1534	1
838	1
427	1
85	1
658	1
248	1
247	1
159	1
219	1
246	1
789	1
1046	1
245	1
1511	1
157	1
306	1
1048	1
1165	1
151	1
153	1
1752	1
239	1
81	1
154	1
1756	1
839	1
242	1
243	1
155	1
244	1
240	1
92	1
80	1
476	1
258	1
166	1
257	1
256	1
62	1
486	1
864	1
1648	1
1073	1
563	1
66	1
404	1
67	1
69	1
70	1
1074	1
599	1
1905	1
251	1
79	1
969	1
826	1
1288	1
1983	1
77	1
253	1
1654	1
477	1
73	1
133	1
214	1
216	1
673	1
354	1
95	1
114	1
227	1
116	1
143	1
117	1
118	1
1931	1
120	1
286	1
142	1
139	1
1923	1
1942	1
1879	1
1633	1
1279	1
127	1
757	1
790	1
816	1
1953	1
564	1
1072	1
1729	1
422	1
800	1
1043	1
129	1
1063	1
1493	1
1520	1
136	1
144	1
702	1
226	1
105	1
1555	1
1461	1
103	1
102	1
101	1
1001	1
99	1
148	1
492	1
822	1
987	1
606	1
501	1
147	1
61	1
1218	1
894	1
471	1
225	1
380	1
801	1
396	1
234	1
107	1
224	1
119	1
1565	1
1599	1
1712	1
393	1
241	1
1831	1
821	1
162	1
60	1
770	1
1380	1
28	1
182	1
27	1
835	1
623	1
123	1
25	1
198	1
24	1
813	1
1518	1
530	1
199	1
570	1
200	1
1499	1
577	1
34	1
1191	1
265	1
266	1
204	1
279	1
202	1
1352	1
449	1
1775	1
529	1
179	1
533	1
201	1
420	1
35	1
21	1
184	1
63	1
268	1
9	1
1950	1
269	1
189	1
11	1
270	1
6	1
5	1
4	1
3	1
2	1
191	1
94	1
1973	1
12	1
13	1
185	1
298	1
195	1
18	1
999	1
1069	1
17	1
1247	1
1360	1
1625	1
1703	1
1133	1
1547	1
1621	1
1763	1
944	1
1166	1
134	1
48	1
1786	1
206	1
171	1
1611	1
50	1
53	1
1667	1
45	1
172	1
208	1
589	1
207	1
329	1
1215	1
51	1
173	1
1292	1
264	1
176	1
168	1
58	1
205	1
37	1
167	1
57	1
1244	1
210	1
2006	1
177	1
1954	1
38	1
39	1
40	1
54	1
1171	2
1321	2
1504	2
1045	2
1305	2
1029	2
1887	2
1816	2
1769	2
158	2
233	2
665	2
165	2
381	2
1758	2
137	2
1984	2
578	2
741	2
1820	2
188	2
164	2
169	2
832	2
1141	2
1627	2
170	2
141	2
812	2
808	2
696	2
674	2
675	2
138	2
1206	2
676	2
738	2
1449	2
628	2
774	2
772	2
1739	2
769	2
612	2
1184	2
1393	2
437	2
1152	2
1624	2
614	2
616	2
510	2
1201	2
776	2
1255	2
1759	2
819	2
896	2
950	2
979	2
1966	2
569	2
796	2
647	2
597	2
1180	2
1827	2
1198	2
721	2
1013	2
146	2
1457	2
1906	2
1006	2
1777	2
181	2
1806	2
174	2
779	2
724	2
1297	2
358	2
1873	2
1389	2
1205	2
150	2
1773	2
132	2
1245	2
1114	2
1609	2
1264	2
1269	2
1952	2
1829	2
1287	2
1291	2
1303	2
1558	2
1910	2
382	2
43	2
1333	2
42	2
1986	2
574	2
52	2
1227	2
1220	2
1126	2
1415	2
785	2
1886	2
634	2
1649	2
304	2
1170	2
41	2
1683	2
64	2
1792	2
1721	2
1583	2
357	2
56	2
55	2
1216	2
1913	2
1914	2
1343	2
359	2
1282	2
1568	2
1596	2
1605	2
1589	2
135	2
394	2
1630	2
1650	2
1663	2
1912	2
1702	2
1800	2
1812	2
8	2
7	2
1925	2
23	2
1528	2
26	2
1502	2
1362	2
1379	2
203	2
1949	2
32	2
1440	2
1818	2
1103	2
36	2
1096	2
866	2
82	2
1452	2
1470	2
29	2
617	2
1489	2
1076	2
1684	2
1271	2
1762	2
1465	2
1273	2
604	2
921	2
297	2
924	2
931	2
109	2
938	2
1446	2
1181	2
108	2
956	2
106	2
1306	2
100	2
1805	2
192	2
112	2
913	2
912	2
113	2
855	2
856	2
131	2
1922	2
869	2
1694	2
1718	2
877	2
966	2
126	2
777	2
1788	2
1814	2
1857	2
892	2
641	2
115	2
1728	2
125	2
1754	2
1918	2
860	2
1058	2
739	2
683	2
1411	2
1080	2
84	2
1082	2
1097	2
1099	2
1100	2
1102	2
78	2
1669	2
1338	2
76	2
75	2
1158	2
1053	2
1038	2
1459	2
1423	2
1885	2
1631	2
1612	2
93	2
1011	2
1692	2
1884	2
1015	2
1494	2
1016	2
1120	2
1135	2
1217	2
1835	2
2009	2
1031	2
1033	2
1516	2
91	2
568	2
2000	2
566	2
387	2
1698	2
852	2
218	2
936	2
998	2
463	2
671	2
399	2
342	2
403	2
1946	2
1276	2
1940	2
410	2
1699	2
1266	2
415	2
1941	2
419	2
1062	2
250	2
881	2
383	2
1894	2
583	2
1821	2
1040	2
1391	2
1977	2
348	2
349	2
211	2
1374	2
1545	2
745	2
1203	2
603	2
215	2
846	2
473	2
914	2
691	2
516	2
1392	2
1641	2
1525	2
237	2
820	2
1834	2
230	2
458	2
494	2
1826	2
508	2
705	2
460	2
1948	2
1381	2
1554	2
485	2
474	2
848	2
482	2
1020	2
927	2
1807	2
692	2
228	2
479	2
472	2
1521	2
1422	2
1895	2
722	2
742	2
484	2
567	2
429	2
289	2
814	2
932	2
221	2
1778	2
222	2
345	2
548	2
672	2
1989	2
963	2
445	2
232	2
613	2
448	2
1438	2
1160	2
1994	2
923	2
644	2
1830	2
475	2
302	2
1848	2
2013	2
1543	2
730	2
679	2
303	2
1199	2
1480	2
555	2
1548	2
425	2
1540	2
360	2
1462	2
363	2
1676	2
900	2
1616	2
1655	2
1802	2
545	2
407	2
540	2
1278	2
1315	2
680	2
308	2
536	2
318	2
1813	2
319	2
547	2
1428	2
1432	2
1146	2
311	2
457	2
271	2
1495	2
718	2
561	2
261	2
275	2
378	2
209	2
1213	2
1234	2
284	2
559	2
272	2
337	2
1161	2
698	3
1930	3
925	3
890	3
1347	3
1997	3
853	3
438	3
1196	3
714	3
388	3
1037	3
592	3
586	3
430	3
1177	3
1027	3
1179	3
391	3
1962	3
22	3
287	3
122	3
1801	3
121	3
1933	3
231	3
843	3
1337	3
1677	3
1383	3
1620	3
598	3
466	3
283	3
1283	3
788	3
1150	3
1587	3
627	3
1951	3
20	3
2011	3
1299	3
446	3
1877	3
1570	3
1567	3
465	3
1784	3
1325	3
1050	3
364	3
728	3
1695	3
1163	3
1316	3
1591	3
1268	3
1870	3
1397	3
72	3
1054	3
823	3
1295	3
1334	3
362	3
1979	3
259	3
842	3
340	3
1131	3
2016	3
669	3
346	3
1766	3
347	3
1478	3
49	3
1262	3
350	3
1263	3
1992	3
1560	3
650	3
1629	3
995	3
708	3
46	3
1119	3
1035	3
686	3
541	3
89	3
1741	3
1490	3
1014	3
750	3
580	3
707	3
417	3
1145	3
905	3
98	3
312	3
743	3
1691	3
397	3
827	3
331	3
1117	3
1113	3
1856	3
441	3
1705	3
249	3
1893	3
295	3
1828	3
263	3
1221	3
1974	3
327	3
1463	3
186	3
1083	3
1847	3
1614	3
478	3
1290	3
1496	3
509	3
645	3
1904	3
1797	3
759	3
639	3
1764	3
1407	3
632	3
629	3
1104	3
505	3
152	3
212	3
1738	3
619	3
149	3
1405	3
605	3
355	3
175	3
1671	3
948	3
766	3
1410	3
794	3
1471	3
726	3
1708	3
1659	3
217	3
1915	3
737	3
922	3
1246	3
1318	3
1251	3
213	3
985	3
1317	3
1765	3
667	3
513	3
657	3
952	3
929	3
487	3
180	3
630	3
556	3
1394	3
197	3
196	3
1173	3
483	3
1796	3
1927	3
519	3
1081	3
1608	3
1095	3
278	3
190	3
1364	3
1512	3
557	3
1162	3
906	3
1242	3
602	3
1929	3
975	3
988	3
301	4
685	4
621	4
10	4
65	4
872	4
1549	4
600	4
521	4
1959	4
59	4
1944	4
31	4
523	4
1552	4
1610	4
585	4
1622	4
1530	4
1154	4
74	4
1466	4
309	4
1585	4
562	4
571	4
760	4
908	4
1748	4
1204	4
1556	4
1753	4
576	4
873	4
636	4
773	4
1793	4
1329	4
1666	4
254	4
315	4
1780	4
1961	4
1064	4
660	4
1323	4
1841	4
1958	4
1720	4
945	4
19	4
1853	4
889	4
1049	4
370	4
1377	4
1967	4
1760	4
1657	4
587	4
688	4
980	4
33	4
1479	4
1421	4
1176	4
220	4
1724	4
1898	4
537	4
71	4
1755	4
1679	4
1740	4
655	4
553	4
15	4
731	4
290	4
338	4
1711	4
2017	4
1258	4
1795	4
1057	4
47	4
16	4
401	4
693	4
68	4
128	4
965	4
701	4
1376	4
937	4
746	4
450	4
496	4
946	4
498	4
411	4
1239	4
1112	4
299	4
455	4
418	4
996	4
1348	4
1420	4
1021	4
1115	4
992	4
753	4
1964	4
2012	4
891	4
130	4
1787	4
1345	4
236	4
815	4
1385	4
710	4
104	4
194	4
837	4
1121	4
512	4
736	4
1473	4
1059	4
97	4
697	4
840	4
462	4
1919	5
1742	5
1808	5
140	5
1235	5
111	5
1430	5
255	5
939	5
818	5
740	5
160	5
1156	5
1094	5
793	5
1600	5
637	5
1701	5
392	5
1574	5
436	5
1640	5
670	5
1603	5
1175	5
1289	5
156	5
902	5
763	5
942	5
1443	5
1963	5
684	5
2001	5
1785	5
1474	5
414	5
2015	5
1068	5
1854	5
765	5
1159	5
1194	5
870	5
1907	5
87	5
1645	5
1424	5
904	5
398	5
1639	5
1022	5
1798	5
1304	5
584	5
596	5
252	5
1911	5
1737	5
1324	5
488	5
1055	5
1735	5
424	5
1646	5
1809	5
1524	5
1079	6
1355	6
281	6
1564	6
1674	6
2007	6
187	6
1357	6
1435	6
1369	6
1089	6
1460	6
296	6
748	6
1990	6
110	6
659	6
752	6
935	6
1190	6
575	6
124	6
849	6
1226	6
511	6
1500	6
1483	6
96	6
1727	6
1745	6
193	6
971	6
829	6
1747	6
1208	6
2008	6
310	6
805	6
183	6
1130	6
1613	6
1084	6
830	6
620	6
973	6
918	6
1673	6
88	6
1249	6
1366	6
758	6
962	6
854	6
371	6
662	6
260	6
1359	7
1519	7
817	7
344	7
444	7
1861	7
859	7
1051	7
1876	7
1577	7
1514	7
845	7
733	7
1403	7
1477	7
1776	7
1618	7
1582	7
520	7
1275	7
1972	7
729	7
235	7
997	7
1889	7
44	7
1604	7
389	7
917	7
610	7
1384	7
1148	7
1606	7
1412	7
1497	7
1628	8
711	8
400	8
544	8
1507	8
926	8
467	8
1370	8
386	8
780	8
1569	8
986	8
749	8
989	8
1782	8
461	8
862	8
434	8
803	8
451	8
490	8
480	8
638	8
1224	8
768	8
262	8
1024	8
798	8
1593	8
14	8
1686	8
1819	8
1501	8
1744	8
1342	8
1902	9
1510	9
1192	9
689	9
1678	9
1572	9
90	9
1088	9
1901	9
1590	9
648	9
1498	9
1293	9
1660	9
325	9
435	9
595	9
163	9
1601	9
1339	10
1653	10
1506	10
1987	10
238	10
983	10
532	10
871	10
86	10
716	10
1439	10
1750	10
1789	11
1375	11
1714	11
993	11
1866	11
1522	11
1982	11
1890	11
654	11
1668	11
1804	11
1056	12
1878	12
1855	12
145	12
1401	12
876	12
1406	12
735	12
1025	12
863	12
713	13
1386	13
1872	13
1651	13
1767	14
611	14
1023	14
1195	14
1592	15
1228	15
178	15
515	15
1034	15
1726	15
1833	16
1012	17
1431	18
594	18
1488	18
919	18
1225	20
229	20
1186	20
920	20
723	21
1447	21
806	21
223	22
504	23
330	24
30	26
1125	26
1892	29
1441	29
1883	29
267	29
1888	30
372	32
514	37
161	42
528	46
1017	52
1637	81
1400	82
1356	91
